0.8098338712695001 -0.7079801550555227 -0.054923264702705255 0.6289432448962784 0.5236569888835776 0.24548505445605717 -0.5793194441527252
-0.011826486417982895 0.1787092934653287 -0.3874224929256759 0.22341971405908212 0.6800726077355894 0.09479718426101047
-0.04847440254899282 0.49220580743089704 -0.11962251975183957 1.0393119288043986 0.40336585728464325 0.9613202901420388
-0.07695488344077195 0.04865740721635192
-0.46844598613832433 0.7529690287584956 -0.6983849368049342 0.1619027389018206 0.3095910552582386 0.6954253426276538
0.24424727015134962 -0.18248922560175562 -0.48586140598670813
0.5816844644790644 0.08223659559022845 0.560818440196972 0.21901852817098177 0.0108774966702605 -0.8738462637724058
0.5177270906224041 0.7177616226862937 -0.9384540082778108 0.0728200750723933 0.5235576013543335 0.49232675489298705
0.1973222581213525 -0.9719722849072242 0.5346065816566108 0.31041697396497536 -0.15232770095284898
-0.9833335466734047 -0.07485671583422182 0.8368124273347093 -0.14267324423698569 0.11565598571705316 0.033648145649445294
0.38830112511407533 1.0000487336023307 0.46543970061171924
-0.6866428147226409 -0.8626608550097761 1.0443395077968056 0.8390406752393489 0.9022119370654775 -0.10987574255630361
0.5948826861701839 -1.0183379613011168 -0.7197368684175345 0.22263062811810808
-0.13131570998935937 0.4741245196504227 -0.33683953116620835 0.7496723048265659 -0.4099510955628949 0.6644219738013846
-0.12039240717279931 0.8487448275289424 -0.7671028665499293
0.8514648736855024 0.1835669624654237 0.5984483975506956 -0.0355228058207151 0.1452135621091406 0.30634427464967673
-0.4817773626545061 0.9683815963278766 0.7309850524951491 -0.160562710984129 -0.4797503853066625 -0.5992509023844921
0.3064775144231533 -0.34753117470116734 -0.6964843544737748
0.5351568682006742 0.4401489733597761 0.09917672670916389 -0.41195204575948474 0.36623197984384315 0.7478697959056892
0.8294079955985845 0.0636982310809735 0.20411309481370776 0.5717098569181462